5
15
95
79
1
84
6
14
47
15
94
31
73
82
48
11
93
86
64
9
36
65
60
100
76
19
76
19
74
36
59
41
99
41
63
49
37
85
92
72
12
43
91
95
78
13
58
54
87
64
40
24
77
95
86
27
21
89
29
89
4
86
7
95
71
75
49
2
50
63
29
42
7
61
29
77
73
80
9
95
92
91
99
58
78
88
29
48
47
11
8
32
16
73
5
20
80
86
56
84
65
26
33
95
4
58
71
5
89
64
75
71
76
82
12
74
78
26
62
61
77
81
70
4
82
59
15
40
52
5
58
92
45
48
18
11
51
71
68
52
58
14
72
65
11
58
8
70
63
36
15
96
5
40
72
59
24
33
91
24
65
16
12
54
68
62
74
87
84
97
78
13
81
82
70
4
46
57
86
16
45
80
7
89
35
20
50
78
3
43
24
21
27
88
75
24
28
63
80
49
28
90
50
14
19
78
56
38
3
98
91
6
100
75
49
77
88
34
53
4
24
12
61
45
62
72
79
35
39
22
23
55
9
72
27
12
86
51
5
46
3
85
81
72
33
16
95
68
100
55
45
34
48
60
80
48
97
34
57
16
67
98
66
42
29
32
45
83
62
6
25
77
87
92
68
78
48
45
98
74
33
92
95
2
49
90
67
82
35
53
94
51
75
97
72
45
62
64
56
62
14
10
18
50
41
59
2
52
50
45
19
33
16
12
70
45
34
19
66
30
40
88
10
55
95
5
81
31
52
6
67
31
81
19
63
3
53
34
39
29
65
29
80
48
96
76
78
32
19
68
78
69
21
3
79
1
64
50
30
79
52
63
23
36
45
17
40
94
62
39
1
16
25
8
84
18
69
7
23
42
51
94
20
85
84
68
37
13
66
26
35
47
34
75
4
76
72
64
30
60
75
44
46
15
45
58
69
71
16
72
89
14
10
9
72
63
97
66
78
100
75
27
40
48
29
42
44
77
98
3
49
34
14
27
68
34
97
15
48
3
84
93
71
72
42
94
65
28
52
37
65
27
66
18
19
70
57
59
85
58
39
80
5
80
93
2
38
93
38
82
74
41
57
14
5
45
98
38
55
95
8
94
95
20
83
39
50
95
26
34
23
30
98
43
30
28
60
50
93
33
93
