6
53
39
75
35
2
85
50
3
25
67
81
1
58
5
83
99
56
27
8
98
69
71
52
20
51
52
31
83
16
7
48
14
65
59
3
12
16
31
24
89
75
51
78
20
11
31
34
31
25
25
23
25
15
65
89
4
15
77
53
73
54
64
99
99
20
18
8
59
97
8
99
64
80
21
35
48
14
43
59
87
5
82
17
86
55
21
56
38
23
56
19
59
48
85
32
87
49
63
50
28
63
96
25
77
21
2
56
95
28
54
93
63
35
61
98
81
10
46
81
7
27
20
82
43
67
46
50
95
46
74
27
7
55
26
56
64
32
66
50
17
15
27
89
24
59
31
39
29
8
94
83
10
58
78
91
38
3
5
82
64
70
13
88
75
79
45
17
46
66
4
21
38
12
99
23
6
67
24
91
96
41
53
95
23
74
25
32
16
61
27
7
8
70
8
92
44
84
50
33
42
83
37
92
47
39
40
32
51
32
1
50
82
88
72
89
13
38
7
13
60
54
67
94
49
10
30
34
30
82
51
16
94
41
65
47
32
78
76
22
49
45
85
54
90
71
89
80
37
15
7
22
73
48
44
12
1
95
15
33
35
67
22
53
38
16
56
26
54
29
11
18
29
56
1
17
36
49
27
34
59
97
16
73
61
30
78
77
57
38
66
65
44
98
22
18
76
66
5
12
6
58
66
66
96
46
90
75
94
44
29
77
80
6
62
50
78
7
39
27
41
68
37
8
38
26
96
74
10
88
48
47
64
25
89
64
54
8
68
84
46
18
21
60
59
56
53
8
74
98
96
45
19
15
61
18
70
71
1
6
84
97
93
93
74
60
9
99
5
69
75
3
24
15
29
66
21
64
77
91
41
20
30
45
96
64
40
40
55
53
33
46
53
79
51
78
1
85
98
72
77
49
78
8
62
80
50
53
90
72
41
94
92
47
67
82
49
3
9
50
90
65
90
1
3
91
91
51
86
87
91
62
12
56
45
46
93
100
92
40
66
34
55
21
6
11
29
73
88
64
3
64
4
75
65
1
72
56
91
100
5
50
19
2
7
80
37
95
43
13
69
78
9
31
61
80
72
59
36
58
45
65
38
86
15
31
97
12
26
81
80
48
52
50
13
82
76
10
84
67
89
11
5
82
18
57
17
11
80
74
88
62
84
13
25
99
68
57
76
1
24
33
92
10
89
33
7
39
66
15
48
26
64
84
12
47
23
89
57
26
53
93
77
65
64
39
66
97
39
73
100
35
33
21
47
88
1
87
90
77
4
43
50
54
9
71
14
45
16
26
19
50
81
93
32
93
82
74
50
11
45
58
27
10
34
24
56
64
73
3
49
90
62
2
51
25
85
17
10
43
53
38
40
6
87
19
84
4
72
33
7
11
42
26
76
43
55
35
13
22
97
11
74
23
79
50
24
36
45
53
75
20
4
41
37
39
38
10
84
51
28
13
26
28
76
81
74
78
24
76
87
18
43
95
59
43
51
18
64
56
75
54
4
76
42
11
46
66
29
56
48
92
36
100
65
59
38
54
100
18
55
67
87
38
25
26
47
41
64
34
73
73
16
19
84
14
29
8
46
84
13
41
25
77
57
38
56
9
81
43
11
46
20
73
34
82
57
26
45
28
90
61
51
31
18
59
84
50
64
35
32
24
28
65
68
7
42
10
37
57
56
76
55
81
100
82
56
25
78
14
99
62
87
30
73
62
3
72
42
33
51
8
65
16
89
40
32
86
37
31
9
79
61
40
24
1
17
87
92
94
45
21
84
86
94
19
45
12
79
88
27
99
80
37
5
43
92
8
94
22
96
73
65
57
64
63
37
64
80
49
54
86
93
15
38
78
76
96
27
80
81
35
29
7
80
76
82
5
27
93
23
89
92
18
36
45
17
94
60
35
3
75
80
8
69
43
19
55
51
90
73
82
26
53
46
34
33
47
41
99
74
33
37
10
93
80
13
49
90
40
16
74
73
41
86
79
1
46
20
44
91
32
91
41
50
76
90
50
94
90
22
73
51
95
9
1
25
87
19
11
51
47
13
15
74
36
18
75
75
82
55
58
51
41
68
48
27
68
65
14
40
9
100
61
62
86
91
8
4
22
45
94
36
44
83
8
43
53
5
26
41
95
56
94
96
85
32
72
6
77
79
41
12
40
28
94
80
37
82
86
6
77
69
53
46
26
75
77
58
71
47
21
59
31
12
67
37
27
91
65
48
66
18
30
7
61
5
5
51
38
62
58
100
21
62
76
98
82
57
3
69
