7
73
59
77
63
78
48
57
37
17
6
48
21
50
60
11
14
48
83
6
43
11
39
8
59
31
100
29
13
77
14
53
11
67
10
15
91
36
57
61
94
1
63
13
11
40
44
56
93
47
95
66
98
95
42
74
42
87
97
9
100
21
44
43
87
37
33
68
16
58
21
62
89
89
83
52
50
82
57
15
74
3
23
46
27
5
88
83
91
11
88
48
39
55
61
41
85
84
71
46
41
78
7
49
40
91
91
89
44
18
5
2
28
8
93
62
20
5
36
19
91
72
10
64
67
47
49
61
94
23
63
80
46
29
15
59
98
25
45
91
17
80
63
7
17
90
59
19
44
25
69
60
97
57
15
96
98
76
47
11
45
18
52
38
76
75
26
92
21
26
80
66
25
85
82
8
43
42
19
14
33
74
71
58
82
56
87
60
72
35
63
48
30
16
87
79
70
30
93
54
12
4
36
52
56
53
97
11
90
24
78
15
69
89
43
93
67
96
8
28
64
66
8
26
57
86
54
83
48
92
62
15
80
9
43
96
55
86
37
6
9
68
86
40
24
64
94
41
84
57
50
17
78
22
94
76
4
13
11
43
25
24
60
60
68
24
48
4
42
30
53
45
16
58
27
34
87
5
77
67
16
10
68
97
60
19
45
45
63
80
90
96
40
93
89
8
28
49
41
37
88
70
57
22
29
15
64
46
83
62
54
42
51
66
72
44
79
9
47
53
71
20
20
48
20
66
1
9
30
28
2
86
6
9
67
8
18
71
58
51
85
62
49
55
60
95
3
42
64
67
45
19
26
36
97
31
3
66
67
85
7
25
82
69
58
87
41
89
49
87
19
33
42
43
56
63
59
9
81
58
22
12
68
83
44
63
16
88
79
26
5
18
2
19
44
42
6
47
64
26
80
16
95
82
62
84
7
16
91
25
64
69
37
25
34
32
44
44
97
42
86
100
37
32
72
8
57
13
94
84
10
34
30
15
55
14
9
65
85
45
86
40
67
28
1
11
18
98
16
87
39
72
67
40
65
67
32
73
10
53
17
30
37
34
37
9
74
26
7
80
9
79
73
48
75
15
93
67
76
26
32
93
85
68
20
76
24
64
92
41
24
11
14
92
12
75
91
25
66
73
4
59
2
23
76
4
57
100
48
39
88
49
16
8
35
19
59
24
15
53
21
28
47
98
81
39
73
55
8
55
20
8
65
50
25
2
57
33
53
10
13
80
60
27
20
5
71
11
42
47
4
4
76
80
48
38
93
50
13
67
22
32
10
51
7
84
2
22
78
23
78
20
65
88
50
100
68
74
31
70
31
64
50
81
68
82
24
23
41
88
100
100
88
24
84
40
90
88
44
78
9
23
64
50
8
29
61
79
1
8
95
35
58
56
81
3
22
14
34
59
26
67
47
70
92
67
91
77
69
90
17
4
94
2
24
94
86
27
7
43
11
86
71
12
81
86
4
88
85
14
26
94
81
1
47
53
16
31
26
54
14
61
82
36
20
10
19
85
44
94
7
60
46
62
8
68
4
50
10
16
65
32
83
24
95
24
32
3
84
12
36
32
72
84
33
10
80
90
5
11
54
71
68
50
96
62
62
14
42
65
11
42
74
20
65
29
66
3
73
61
82
76
1
77
12
48
14
65
66
47
70
8
85
48
71
70
76
83
10
2
38
85
80
42
17
78
69
33
76
14
36
74
6
90
33
53
87
29
81
39
14
72
16
90
34
56
46
65
85
86
24
49
10
91
58
83
79
73
41
28
82
49
23
76
41
84
26
9
40
87
7
80
100
54
72
3
17
66
14
68
4
90
69
25
31
28
73
61
23
8
87
27
93
18
28
59
29
14
41
60
38
94
24
87
10
100
22
27
100
68
59
79
99
44
40
70
59
100
100
43
48
83
12
96
87
43
83
65
73
64
18
4
29
82
97
10
58
90
39
44
31
44
7
5
29
21
25
8
98
22
82
91
86
99
76
83
43
23
57
79
7
85
59
89
95
7
31
73
68
71
41
94
35
97
52
81
23
80
49
18
90
97
74
89
2
97
75
21
29
46
51
37
27
97
85
36
39
26
5
97
56
90
47
38
70
80
4
63
10
73
85
36
95
45
26
93
20
67
2
52
10
30
15
86
70
25
24
79
57
52
15
15
48
20
45
10
69
68
100
76
36
84
20
72
75
43
48
90
6
89
5
36
11
47
48
13
51
99
37
28
93
50
71
46
10
67
63
6
15
60
96
3
91
76
53
76
54
32
42
66
13
1
57
59
55
71
63
56
44
28
40
43
61
62
84
62
69
78
61
66
54
58
6
96
65
97
99
95
60
37
62
25
36
44
15
36
51
10
20
4
98
43
41
17
26
64
44
11
31
79
56
68
71
47
69
17
87
21
73
38
46
54
40
30
81
21
9
80
9
48
92
79
69
12
65
69
36
1
75
29
34
9
55
91
57
5
36
13
45
39
44
56
4
53
23
92
19
29
66
93
88
26
44
44
61
96
43
76
6
37
72
57
54
44
33
97
3
14
82
25
78
63
73
64
92
93
16
46
71
88
68
41
64
91
33
32
42
46
7
46
92
96
24
80
5
58
81
53
58
21
2
55
11
52
64
1
29
31
49
5
78
54
61
43
49
6
76
68
35
94
66
98
16
75
51
96
82
69
1
71
60
29
24
21
5
56
43
74
17
92
73
78
34
91
7
57
71
100
53
81
88
45
87
4
50
62
57
28
21
72
69
39
97
27
81
32
96
93
68
97
29
35
64
72
66
39
94
89
40
14
31
79
37
5
95
100
36
47
16
66
76
41
99
76
25
50
49
25
78
37
37
59
81
37
44
45
28
29
2
4
74
71
26
91
38
71
18
71
8
84
55
40
34
1
43
57
100
19
11
43
84
2
40
90
87
98
68
50
5
68
21
78
27
5
30
74
83
74
34
39
9
94
5
9
43
67
2
6
25
1
81
89
97
90
87
10
4
28
57
74
50
64
39
77
83
81
27
72
57
78
8
87
92
97
15
71
19
58
59
35
96
79
46
64
10
8
60
50
69
89
58
94
10
28
88
84
8
64
30
21
82
79
5
79
96
35
79
68
96
26
23
73
99
55
33
42
56
49
1
69
20
76
41
66
44
72
95
32
89
44
46
94
23
35
80
24
79
5
23
87
70
67
67
10
22
40
22
91
2
78
97
81
44
16
62
27
65
46
29
20
57
35
36
64
73
4
95
57
57
29
84
78
28
85
75
89
54
14
27
16
36
42
92
72
59
32
51
38
52
76
42
10
78
100
93
32
21
52
30
78
88
96
40
85
87
27
34
49
66
26
43
25
26
66
62
24
1
88
59
71
39
8
47
82
61
35
4
31
88
83
22
68
16
88
72
31
47
48
7
78
19
64
66
95
88
86
91
21
70
27
6
90
64
29
7
53
59
18
12
66
100
65
55
46
97
24
10
39
80
87
1
12
11
100
99
32
76
87
26
15
36
84
10
88
71
78
22
62
51
17
53
59
81
85
1
69
14
22
41
100
35
91
95
42
5
29
44
31
32
55
3
19
38
15
32
60
58
67
48
74
46
87
18
70
48
69
85
32
65
99
17
10
12
65
56
41
58
10
35
3
57
32
51
50
82
73
24
72
82
33
89
23
77
44
46
64
89
18
28
66
76
4
75
99
66
35
39
79
36
49
29
75
44
40
48
57
32
2
34
70
4
96
23
89
99
58
94
78
29
56
29
17
43
19
91
59
81
39
86
58
7
24
44
61
82
98
3
31
14
99
2
40
56
49
78
10
82
37
57
18
26
34
95
26
37
87
14
39
46
51
74
22
64
65
58
83
69
57
56
20
36
93
63
3
15
6
22
68
35
57
81
20
85
99
46
78
65
10
8
9
97
37
99
19
80
16
66
71
18
24
17
80
44
50
22
12
12
89
93
84
15
68
86
13
28
37
95
80
4
90
51
66
76
26
85
82
58
30
43
96
82
55
52
30
68
27
12
11
71
24
31
99
41
90
20
89
29
87
37
32
22
100
49
52
100
55
23
21
76
52
61
38
62
60
77
99
65
64
19
82
36
91
80
89
24
70
33
34
86
29
52
31
84
53
26
82
43
19
61
44
81
25
89
45
1
67
30
63
7
58
55
61
48
21
40
97
5
41
86
80
47
21
51
60
39
89
5
95
84
76
63
85
93
74
85
82
41
39
16
80
13
11
21
76
83
99
5
13
97
42
89
14
39
45
15
51
9
85
31
97
96
38
25
46
85
43
42
12
11
49
85
75
40
16
84
37
19
12
23
10
7
54
62
48
63
38
32
89
95
30
11
4
3
72
72
17
57
1
22
48
61
15
87
74
90
80
2
16
100
26
85
40
39
29
82
25
61
37
33
77
26
70
68
57
35
21
57
83
27
64
17
9
81
77
83
44
42
100
68
18
55
85
90
26
64
86
98
40
22
45
73
36
17
50
64
5
50
78
77
67
82
12
25
42
50
74
26
54
70
36
16
69
52
34
47
29
80
46
25
4
88
75
31
23
87
41
4
64
16
22
46
61
5
39
59
11
16
23
81
67
19
95
18
73
45
26
17
77
71
60
99
13
21
23
74
96
71
10
62
16
36
9
65
73
56
64
65
67
57
87
73
5
68
27
57
4
19
33
6
13
84
72
95
6
81
47
25
20
18
76
88
65
78
3
40
94
48
23
72
73
89
16
58
88
8
73
73
97
80
91
37
42
23
67
93
26
21
82
32
8
35
61
28
27
36
4
17
64
68
25
43
47
47
47
90
87
43
14
90
31
78
87
13
84
46
86
76
74
57
68
2
40
3
85
45
25
73
51
60
22
33
90
42
67
10
4
31
17
83
97
44
62
9
88
45
49
90
59
32
84
42
69
98
37
43
99
51
23
98
48
30
77
36
1
44
24
48
8
30
10
24
50
77
85
50
4
94
24
14
56
33
40
23
44
19
24
28
46
99
97
84
20
97
1
53
81
44
73
1
77
15
96
33
5
85
63
84
72
14
43
31
59
24
65
47
40
33
35
20
7
55
85
18
13
90
72
31
5
33
17
78
12
38
28
18
91
82
93
6
51
17
62
40
19
29
72
54
45
96
2
63
13
65
87
95
98
4
2
17
4
4
35
74
53
30
27
28
41
31
18
4
2
43
21
34
22
97
45
70
85
15
63
4
2
85
62
12
13
43
59
97
88
22
64
56
51
6
88
65
52
15
64
66
27
25
74
86
77
74
76
60
67
45
74
14
26
96
65
67
56
72
33
71
9
56
89
68
51
76
90
59
98
81
71
52
17
71
47
3
16
39
48
22
8
47
60
7
81
83
4
5
54
75
70
74
14
15
14
32
36
48
4
39
28
87
71
43
93
53
7
80
73
83
49
11
1
12
39
80
46
52
34
24
35
65
45
92
78
84
69
26
80
86
41
100
88
30
41
50
86
13
56
98
54
8
89
98
33
70
92
12
63
65
72
69
27
91
19
34
93
93
26
53
88
14
36
89
11
67
50
25
83
74
31
26
18
20
46
38
70
47
43
21
76
57
57
90
95
54
17
92
56
29
40
4
42
38
72
65
68
78
6
43
2
19
80
32
4
32
5
12
98
4
56
68
89
18
21
73
82
90
27
23
26
42
42
79
40
96
19
55
42
82
14
77
16
39
76
3
20
69
98
63
95
62
68
43
92
41
26
14
83
65
54
13
77
22
76
93
65
54
24
19
79
6
83
70
46
3
82
1
8
81
33
1
43
100
49
41
4
63
40
18
94
91
65
30
64
34
59
79
78
1
5
94
47
97
83
35
39
46
19
26
9
39
38
38
17
77
90
14
19
61
52
77
33
100
81
37
78
94
16
49
84
17
48
76
8
79
68
15
25
49
14
47
41
31
96
100
38
5
94
68
85
72
75
64
27
64
58
32
30
1
16
40
43
73
66
64
39
31
5
96
41
3
29
50
1
10
61
40
92
61
9
68
86
45
30
46
3
49
35
94
58
8
95
83
85
10
56
80
78
35
79
27
69
7
63
81
80
74
91
58
10
69
75
13
28
46
12
58
71
59
66
47
57
70
42
95
92
12
17
24
21
96
89
79
87
96
70
82
30
51
61
3
88
36
80
60
41
32
16
34
68
3
48
83
46
9
11
24
20
61
11
82
26
68
48
9
54
62
68
4
61
85
68
68
13
16
100
72
83
71
50
32
74
81
16
66
66
3
31
81
40
38
93
60
65
4
60
47
42
58
10
16
79
23
96
37
58
58
82
52
38
83
39
16
96
17
67
4
51
16
31
21
73
75
8
5
36
73
26
39
27
50
73
65
16
76
87
78
27
69
89
32
38
5
2
60
55
63
86
83
50
60
51
69
89
12
94
39
84
53
12
18
53
39
35
64
68
88
83
66
59
34
86
79
80
41
28
61
85
81
22
33
73
72
57
74
8
66
41
15
26
61
50
78
66
90
19
24
10
56
53
95
22
74
94
30
44
54
30
86
59
50
58
50
55
83
34
65
93
48
9
88
56
44
49
37
41
72
82
81
44
3
11
72
53
42
77
23
97
81
77
66
91
29
13
96
33
88
83
93
32
61
35
40
32
67
31
95
44
3
21
95
81
48
9
89
70
13
99
37
95
46
85
70
72
26
33
45
21
72
23
26
98
10
57
8
86
10
62
29
54
35
36
2
100
9
42
30
69
22
12
34
26
55
66
35
88
33
6
26
69
1
1
30
55
41
17
75
65
56
25
27
13
48
86
91
23
79
100
76
76
99
95
31
43
96
76
4
59
93
84
8
91
24
20
68
71
89
48
93
5
60
85
87
4
88
89
2
72
99
33
60
71
93
76
52
64
52
25
27
14
75
98
7
14
11
88
17
50
96
39
70
36
53
4
93
71
85
87
58
45
10
30
19
57
34
23
82
90
37
88
45
36
35
16
17
18
91
14
35
42
11
50
19
59
76
39
20
20
49
4
50
93
90
54
14
52
80
52
73
4
92
35
27
2
46
51
82
45
86
60
65
86
27
57
66
53
98
57
45
99
61
12
27
85
99
31
5
24
59
88
4
29
38
67
3
56
46
21
2
41
81
66
30
34
98
89
85
95
56
57
71
18
91
26
65
49
2
88
53
96
79
21
61
67
85
24
86
45
36
36
74
98
89
100
30
69
33
47
37
86
8
95
31
71
59
30
18
55
72
46
89
75
42
18
67
9
70
23
46
90
57
97
55
100
88
73
45
50
64
95
30
77
25
55
7
9
15
70
65
74
43
93
53
22
100
50
44
22
93
14
81
58
46
87
33
95
17
54
75
68
75
94
90
87
15
84
91
44
94
73
16
38
29
64
79
48
47
65
55
20
8
93
79
64
85
83
71
52
47
84
75
51
92
19
3
96
23
19
96
45
24
56
22
39
34
9
38
31
38
16
79
29
49
71
19
78
85
28
65
43
64
61
12
77
81
13
17
33
14
16
22
11
64
95
29
10
73
11
45
61
27
35
32
61
21
48
46
71
88
6
21
99
75
63
37
36
38
2
38
6
87
3
23
16
5
57
22
17
13
62
50
19
98
28
48
38
97
48
76
66
6
39
47
35
21
18
36
83
12
46
41
90
76
50
40
60
17
4
91
88
68
33
42
62
8
27
78
40
55
46
77
92
7
78
35
38
41
87
90
51
52
63
73
23
76
88
95
76
86
67
91
10
68
5
95
88
75
43
45
83
13
27
57
10
29
14
78
85
3
84
1
2
9
16
81
84
44
97
96
35
16
28
24
57
10
26
94
84
85
92
19
31
3
52
77
52
80
17
8
42
16
15
20
37
94
14
84
70
11
65
66
91
28
26
44
48
16
27
67
42
54
30
24
79
71
100
41
14
76
16
95
19
76
56
76
62
33
62
98
21
9
52
6
19
80
74
90
63
81
57
78
74
95
43
80
56
99
48
83
28
54
83
76
30
20
90
63
2
41
85
61
19
76
53
48
99
77
9
57
66
55
3
4
99
76
53
61
72
42
46
51
88
17
82
99
92
69
7
5
62
24
75
65
53
78
60
95
17
11
72
26
58
74
96
78
34
27
82
14
26
97
22
16
60
85
92
27
68
41
94
12
77
94
39
49
19
87
53
20
81
50
98
57
72
41
8
58
29
45
21
45
22
26
86
21
44
35
59
50
50
51
92
37
38
27
75
88
54
30
15
7
4
9
8
58
10
43
59
36
6
5
26
20
2
50
57
79
76
93
77
67
57
15
39
10
79
42
52
36
2
19
39
27
57
13
16
18
97
12
64
15
88
27
20
70
43
4
71
10
32
18
39
26
55
15
35
71
7
63
95
12
75
100
86
84
38
29
12
18
79
28
27
89
83
55
48
69
96
16
29
87
52
43
65
35
89
54
22
83
46
19
1
96
89
30
58
4
70
37
32
69
71
8
74
93
42
23
100
64
68
19
89
62
75
72
62
48
85
43
20
24
76
71
89
81
82
89
5
2
70
13
88
55
8
56
12
77
71
97
76
4
5
92
24
24
44
40
94
9
42
50
58
58
52
97
40
3
63
19
64
43
74
37
29
33
80
40
11
14
9
2
51
34
45
53
23
51
17
36
24
79
92
31
51
61
28
17
35
1
37
22
6
51
7
47
79
74
80
96
87
68
18
6
96
49
2
20
10
92
89
65
48
78
32
19
13
68
97
59
65
42
9
97
23
45
86
32
62
84
29
45
55
83
14
39
24
100
33
64
36
26
44
28
26
60
61
33
93
100
26
45
14
10
51
83
77
8
29
79
17
13
34
92
5
98
62
56
33
8
85
26
93
59
74
32
55
70
36
12
75
17
76
81
20
78
75
49
20
70
79
68
58
75
51
62
43
23
41
67
73
91
79
4
86
16
30
81
36
94
75
68
56
40
65
81
56
48
88
21
53
28
93
38
30
50
28
51
66
5
22
36
33
8
2
60
24
20
30
56
15
43
10
21
62
39
1
41
55
73
15
73
87
12
3
97
33
89
10
42
59
41
69
97
26
53
73
71
45
81
39
5
60
7
93
92
9
7
82
74
39
80
7
22
18
61
84
83
30
41
98
71
66
57
58
86
40
86
21
34
3
77
64
65
100
43
24
42
99
47
22
93
79
88
13
93
14
3
20
10
57
63
49
33
47
81
48
51
78
75
57
80
19
8
18
9
100
9
50
99
78
40
51
19
91
29
28
10
80
74
73
68
15
48
82
70
44
21
95
6
32
85
18
36
87
39
61
62
11
48
24
70
64
86
55
34
36
40
11
82
38
93
15
72
19
61
53
82
15
19
23
49
59
38
27
64
35
56
96
15
54
88
79
94
1
21
63
70
50
78
77
46
81
46
70
18
22
67
14
9
13
61
85
73
10
43
43
91
99
97
54
55
21
96
81
45
95
67
52
36
9
32
98
64
17
9
5
42
14
49
6
25
88
9
58
100
98
28
16
78
80
83
43
47
49
10
69
28
100
80
93
65
89
28
80
88
38
83
100
44
68
23
86
23
6
68
26
8
65
62
2
55
44
84
56
19
77
47
44
11
60
56
83
74
27
18
67
78
37
25
86
41
24
40
36
25
27
45
47
72
12
48
62
46
83
20
1
23
65
62
6
92
49
80
20
32
52
95
44
11
95
74
32
8
68
31
54
30
11
61
67
78
92
32
60
21
16
5
88
40
30
44
83
30
78
39
100
91
6
63
56
69
89
77
95
51
1
97
74
71
48
96
7
9
2
6
80
31
83
95
10
40
94
56
29
73
31
75
70
51
28
51
68
34
27
20
79
88
42
43
18
47
79
35
89
34
5
91
86
40
56
76
23
3
61
26
30
100
10
42
57
5
14
38
76
66
39
4
64
25
92
91
64
15
20
60
29
73
87
23
31
38
66
1
19
55
42
18
37
33
76
17
49
44
15
41
1
48
17
16
55
72
22
22
15
98
84
20
55
94
16
48
92
61
3
75
69
40
60
61
66
30
28
30
70
7
57
40
85
74
51
9
16
55
11
21
25
4
45
68
73
74
2
68
55
18
19
28
48
87
84
24
47
82
59
12
6
9
69
40
70
66
81
91
41
63
90
45
20
22
58
59
46
97
37
57
25
50
3
9
26
32
57
46
92
47
45
11
90
19
83
79
42
97
42
34
57
21
87
30
100
47
16
20
45
49
68
74
87
45
75
17
77
100
10
6
5
84
37
74
25
29
71
26
5
93
22
15
22
89
95
45
51
35
8
4
99
91
95
5
34
78
49
62
68
27
82
36
12
53
35
32
27
17
59
57
41
62
35
20
47
23
27
55
28
70
7
34
34
91
14
32
18
90
17
80
4
9
40
81
38
19
81
6
13
76
10
64
24
8
18
48
63
70
100
25
77
82
66
88
39
39
22
68
85
88
86
43
43
11
91
49
4
96
46
18
80
68
98
41
93
59
6
30
85
1
53
99
75
36
57
35
92
21
82
61
52
53
39
16
32
36
9
19
83
31
37
54
41
62
7
100
34
84
74
71
41
3
4
27
79
10
2
84
91
92
1
16
88
22
7
12
72
41
41
99
21
99
63
41
19
30
20
44
39
99
25
23
51
86
49
43
97
98
6
78
18
81
61
90
37
39
15
7
85
28
71
55
16
34
61
65
37
90
82
19
67
19
82
8
97
97
62
33
34
46
79
50
55
62
71
68
21
49
46
88
94
48
98
7
31
83
6
37
11
64
48
87
16
63
39
21
83
7
70
99
53
14
90
71
54
97
89
39
9
59
57
88
97
2
61
16
59
78
14
97
51
62
93
20
6
28
4
23
12
91
19
84
100
70
89
74
49
29
3
46
4
48
50
57
86
45
81
57
40
31
16
82
10
10
63
47
78
51
26
81
12
64
71
40
94
15
86
70
10
89
15
58
45
47
20
3
8
15
83
76
47
7
61
15
38
73
51
81
87
65
52
87
39
93
51
22
77
89
37
18
1
81
30
65
98
88
75
40
85
40
53
80
23
98
67
36
32
83
88
2
40
15
23
25
83
9
58
93
75
5
38
89
79
5
5
43
96
45
41
12
23
43
27
97
29
47
15
77
99
66
55
38
14
71
47
6
51
36
28
7
98
72
25
19
36
42
2
35
68
93
92
32
52
20
63
95
80
96
41
47
19
82
52
6
85
76
32
47
37
76
60
24
94
20
14
58
12
27
23
74
43
58
71
6
70
65
28
32
13
29
22
51
58
22
82
63
55
100
56
49
70
97
13
24
96
68
93
27
85
23
66
97
33
58
24
40
6
5
88
76
29
22
66
29
100
14
53
82
82
70
13
36
