4
55
88
65
90
64
69
54
34
69
4
11
42
81
47
80
74
52
93
68
1
97
77
83
25
29
68
53
34
90
3
79
62
3
97
80
68
93
30
43
11
10
62
89
91
38
6
45
58
45
11
82
37
75
50
48
28
21
94
76
63
8
94
87
82
72
59
12
66
46
96
56
21
60
29
71
100
51
37
36
68
3
6
72
15
36
15
84
1
27
49
68
13
4
45
42
31
7
7
97
13
62
81
46
26
1
34
82
62
21
55
44
87
15
67
46
49
2
51
74
59
77
43
74
62
74
83
48
50
72
45
94
55
22
14
54
53
35
8
71
91
57
100
17
96
2
31
38
58
71
57
20
84
94
1
80
65
9
3
79
30
42
37
97
3
33
90
9
1
89
6
96
85
73
77
75
29
13
80
97
1
59
51
63
77
53
35
67
61
41
96
12
86
9
87
77
37
24
90
8
63
